variance: 116.177926
VarF1:102.395592, VarF2:111.385229, VarF:107.670860
Total Time: 160.162619h
Time:
 F1: 3.916816h
 F2: 4.786989h
 F1F2: 8.536491h
